bpd~real,hc~real,fl~real,ac~real,age~real,weight~real
74,262,51,255,28,900
72,260,51,232,28,900
68,260,50,229,28,900
72,275,52,240,28,900
72,274,52,240,28,950
74,253,50,235,28,950
71,257,52,239,28,950
71,255,53,236,28,950
70,264,52,246,28,950
70,248,51,229,28,960
73,256,54,242,28,960
73,266,51,224,28,970
71,256,51,237,28,950
70,263,53,232,28,960
70,272,52,272,28,960
71,260,51,227,28,980
69,260,52,227,28,900
69,250,51,227,28,900
72,278,53,242,28,980
72,260,52,254,28,990
70,261,51,226,28,990
72,258,51,223,28,990
70,263,51,231,28,990
69,248,51,228,28,900
73,267,52,228,28,1000
69,253,51,240,28,950
68,250,50,240,28,900
74,266,51,249,28,980
69,250,52,224,28,950
71,251,52,235,28,1000
71,255,52,240,28,1000
73,261,53,245,28,1000
72,263,52,250,28,1000
73,246,53,244,28,1000
72,272,52,245,28,1000
69,248,53,228,28,950
70,253,52,248,28,1000
74,254,53,263,28,1000
70,260,52,252,28,960
73,259,53,245,28,1000
74,259,52,240,28,1050
70,246,50,233,28,960
70,260,50,237,28,1000
71,258,50,240,28,1100
74,282,52,246,28,1100
71,255,52,240,28,1100
73,266,52,250,28,1100
72,269,54,254,28,1100
69,255,53,240,28,1100
68,252,52,236,28,1000
71,266,53,240,28,1150
72,246,54,244,28,1200
71,256,50,242,28,1200
70,264,52,246,28,1200
73,269,53,238,28,1200
72,263,52,240,28,1200
71,255,54,245,29,1100
69,248,52,234,29,1200
72,264,55,235,29,1200
72,265,54,247,29,1200
70,252,54,233,29,1200
70,275,54,238,29,1000
70,252,54,236,29,1250
72,264,53,245,29,1250
72,249,53,250,29,1250
73,259,53,247,29,1300
72,257,53,237,29,1300
73,267,55,240,29,1300
72,250,52,241,29,1300
71,269,55,240,29,1100
73,274,52,246,29,1300
71,271,54,240,29,1100
72,260,54,246,29,1350
74,254,52,231,29,1350
74,264,53,230,29,1350
74,259,54,240,29,1350
73,275,52,245,29,1350
74,258,53,241,29,1350
72,275,54,245,29,1350
72,274,53,255,29,1400
74,278,54,225,29,1550
73,266,53,233,29,1400
75,276,54,256,29,1550
73,279,52,255,29,1400
73,262,55,258,29,1400
74,283,52,253,29,1400
73,266,52,240,29,1400
74,263,54,238,29,1550
74,263,54,253,29,1400
74,264,53,250,29,1400
75,261,53,243,29,1550
72,261,52,248,29,1450
76,280,54,262,29,1550
74,275,54,250,29,1450
74,271,54,260,29,1450
75,279,55,251,29,1550
74,275,54,249,29,1550
73,249,53,240,29,1500
77,250,54,242,29,1550
73,283,52,253,29,1500
76,273,55,253,29,1550
75,257,54,250,29,1500
75,270,54,244,29,1500
74,274,53,258,29,1500
76,269,55,251,29,1550
78,276,54,255,29,1550
78,275,54,263,29,1550
79,280,55,240,29,1550
86,264,54,240,29,1600
79,278,55,259,29,1600
81,280,54,268,29,1600
77,283,56,245,29,1600
79,275,52,237,29,1600
79,291,54,245,29,1600
79,280,55,250,29,1600
77,269,55,254,29,1650
80,270,54,240,29,1650
78,275,53,241,29,1650
77,275,50,232,30,1600
78,275,54,240,30,1650
75,265,55,253,30,1550
76,267,57,239,30,1600
73,249,55,257,30,1550
73,263,54,241,30,1500
73,280,54,252,30,1300
73,262,52,255,30,1350
73,260,53,248,30,1350
74,267,55,250,30,1600
74,259,50,250,30,1400
73,275,53,255,30,1400
74,265,52,250,30,1400
75,274,58,250,30,1550
75,271,55,249,30,1550
75,270,58,238,30,1600
75,274,59,242,30,1550
76,275,54,248,30,1600
77,271,55,256,30,1600
76,266,57,252,30,1600
77,269,60,245,30,1600
75,279,56,246,30,1600
79,281,58,258,30,1600
80,293,58,250,30,1600
76,273,54,250,30,1600
75,278,57,246,30,1600
80,280,55,258,30,1600
78,272,56,246,30,1600
79,278,55,250,30,1650
79,272,58,255,30,1650
77,282,59,249,30,1650
72,249,56,236,30,1650
77,286,56,255,30,1650
78,272,56,247,30,1650
77,270,52,260,30,1700
79,280,59,259,30,1700
78,288,60,260,30,1700
77,279,53,250,30,1700
83,280,57,259,30,1700
79,290,60,250,30,1750
84,290,59,245,30,1750
79,280,59,250,30,1750
77,270,57,250,30,1750
79,279,58,240,30,1750
82,297,62,250,30,1750
83,280,57,259,30,1750
78,286,53,253,30,1800
81,290,56,240,30,1800
84,298,60,250,30,1800
85,280,59,250,30,1800
81,286,58,260,30,1800
80,293,58,245,30,1800
82,292,56,255,30,1800
83,282,58,260,30,1850
86,296,57,250,30,1850
82,275,59,255,30,1900
80,264,54,235,31,1800
74,257,56,259,31,1600
85,302,61,250,31,1850
75,279,55,255,31,1600
75,273,57,260,31,1600
75,273,57,255,31,1550
77,278,54,258,31,1600
76,271,55,254,31,1600
76,278,58,260,31,1600
77,274,56,261,31,1650
77,285,58,252,31,1650
78,288,61,285,31,1650
77,273,61,274,31,1650
80,293,60,300,31,1700
77,259,59,263,31,1700
77,260,58,278,31,1700
78,288,58,260,31,1700
77,278,56,263,31,1700
77,278,56,263,31,1700
77,288,59,284,31,1700
80,293,60,260,31,1750
78,272,58,261,31,1800
80,280,56,262,31,1800
80,280,56,262,31,1800
79,271,61,265,31,1800
78,278,63,260,31,1800
77,270,57,278,31,1800
78,288,58,260,31,1800
78,275,56,263,31,1800
79,280,61,270,31,1800
80,283,57,254,31,1800
81,276,55,280,31,1850
81,283,55,275,31,1850
79,283,62,267,31,1850
79,272,55,252,31,1900
79,287,57,280,31,1900
80,272,63,290,31,1900
83,292,60,304,31,1900
79,270,61,264,31,1900
80,291,55,268,31,1900
79,296,59,265,31,1900
80,283,57,254,31,1900
79,283,62,267,31,1900
80,284,60,265,31,1950
81,289,58,271,31,2000
80,283,62,282,31,2000
84,284,62,288,31,2000
81,295,62,265,31,2000
82,285,60,248,31,2000
80,283,59,277,31,2000
80,280,60,293,31,2000
81,290,55,275,31,2100
85,290,62,288,31,2100
81,307,62,290,31,2100
83,294,68,289,31,2100
86,305,61,289,31,2200
83,295,64,270,31,2200
84,290,57,271,31,2200
84,289,57,295,31,2200
86,296,57,282,31,2300
84,294,58,260,31,2300
78,269,61,282,32,1800
76,263,60,270,32,1600
84,297,61,290,32,2200
82,270,59,265,32,2350
85,278,59,284,32,2300
84,279,59,284,32,2400
76,265,59,268,32,1600
76,270,60,283,32,1600
86,301,61,282,32,1600
76,281,58,280,32,1600
75,270,59,265,32,1650
76,270,60,283,32,1650
77,281,56,280,32,1700
77,281,56,280,32,1700
77,297,65,300,32,1700
77,273,58,273,32,1700
77,280,58,269,32,1700
77,280,58,269,32,1700
87,301,57,298,32,1700
77,297,65,300,32,1750
82,281,60,279,32,1800
78,292,64,269,32,1800
78,271,61,289,32,1800
78,273,60,290,32,1800
78,280,61,294,32,1800
78,273,60,290,32,1850
79,277,58,297,32,1850
79,269,59,242,32,1900
79,291,60,291,32,1900
79,282,60,260,32,1900
79,277,58,297,32,1900
79,278,55,286,32,1950
81,287,58,285,32,2000
80,281,59,256,32,2000
82,290,60,271,32,2000
80,284,57,298,32,2000
80,290,64,303,32,2000
80,279,63,288,32,2000
84,297,61,290,32,2100
81,293,60,265,32,2100
82,296,59,289,32,2100
81,293,60,265,32,2100
82,281,60,279,32,2100
81,295,60,280,32,2100
81,286,63,293,32,2100
83,303,60,297,32,2100
82,282,62,270,32,2100
81,292,57,278,32,2100
81,293,63,288,32,2100
81,293,58,285,32,2100
85,296,61,290,32,2100
84,288,58,293,32,2200
84,300,59,298,32,2200
84,285,58,309,32,2200
84,297,62,288,32,2200
84,287,59,288,32,2200
84,288,64,284,32,2200
84,301,64,301,32,2200
82,320,65,290,32,2200
83,295,63,291,32,2200
83,289,62,307,32,2200
83,298,65,308,32,2200
86,284,60,268,32,2300
84,297,62,288,32,2300
83,281,59,273,32,2300
84,291,60,260,32,2300
86,286,65,311,32,2400
87,314,65,299,32,2400
86,305,64,332,32,2400
86,316,65,331,32,2400
87,306,61,297,32,2400
84,300,62,279,32,2400
87,313,64,295,32,2500
89,313,65,330,32,2500
88,316,61,318,32,2500
85,300,54,280,33,2550
75,279,57,260,33,1550
77,290,59,258,33,1700
79,285,63,289,33,1750
78,291,59,260,33,1800
78,293,61,258,33,1800
85,295,62,296,33,1900
79,290,56,268,33,1900
80,294,60,292,33,2000
82,300,65,307,33,2000
80,307,64,309,33,2000
80,293,55,300,33,2000
81,298,63,300,33,2000
80,281,61,273,33,2000
82,291,62,300,33,2100
83,301,63,292,33,2100
82,300,65,307,33,2100
81,292,62,284,33,2100
81,292,61,282,33,2100
81,292,61,300,33,2100
81,292,62,300,33,2100
82,281,60,300,33,2100
82,281,57,310,33,2200
80,294,60,292,33,2200
82,300,65,307,33,2200
83,283,60,278,33,2200
82,318,66,338,33,2200
82,298,63,289,33,2200
82,304,63,286,33,2200
87,295,64,309,33,2200
86,304,61,307,33,2200
83,298,64,294,33,2200
83,299,61,301,33,2300
82,283,64,327,33,2300
84,300,66,305,33,2300
82,302,63,297,33,2300
82,309,63,320,33,2300
82,294,65,296,33,2300
84,295,67,298,33,2300
84,311,66,315,33,2350
84,302,64,318,33,2350
83,303,61,313,33,2400
86,300,63,285,33,2400
84,315,61,308,33,2400
89,307,66,322,33,2400
86,304,66,332,33,2400
88,300,66,327,33,2400
85,296,65,307,33,2400
84,309,68,333,33,2400
82,305,57,302,33,2400
87,315,64,291,33,2400
85,302,66,313,33,2450
77,310,59,300,33,2500
87,306,61,297,33,2500
87,302,66,305,33,2500
88,310,66,291,33,2500
85,310,65,307,33,2500
86,300,59,300,33,2500
89,305,70,297,33,2500
82,304,68,319,33,2500
87,303,68,304,33,2600
83,313,67,296,33,2600
88,300,66,313,33,2600
86,295,63,285,33,2600
87,319,67,327,33,2600
87,310,62,276,33,2600
89,308,67,306,33,2650
88,316,67,299,33,2700
85,320,60,300,34,2500
87,300,62,330,34,3100
80,305,55,310,34,1800
82,270,64,320,34,2100
79,310,62,320,34,1900
80,292,64,315,34,2000
80,300,57,315,34,2000
80,290,60,316,34,2000
80,310,64,310,34,2000
81,305,69,311,34,2100
82,295,60,309,34,2200
82,310,62,301,34,2200
82,288,63,289,34,2200
82,317,67,323,34,2200
82,295,61,290,34,2200
82,297,64,302,34,2200
82,297,64,302,34,2200
82,292,61,290,34,2250
83,306,61,299,34,2300
76,267,61,290,34,2300
83,299,64,309,34,2300
83,314,68,332,34,2300
83,300,66,314,34,2300
83,300,66,314,34,2300
83,310,64,313,34,2300
83,300,67,301,34,2300
83,323,59,302,34,2300
84,294,64,305,34,2400
84,310,61,298,34,2400
84,290,64,298,34,2400
84,318,68,299,34,2400
84,316,62,300,34,2400
75,310,60,282,34,2500
83,285,64,301,34,2500
85,318,63,298,34,2500
90,295,60,293,34,2500
85,294,62,298,34,2500
88,308,68,310,34,2600
87,308,68,312,34,2600
86,312,64,323,34,2600
87,321,68,313,34,2600
86,307,68,335,34,2600
87,303,62,320,34,2600
89,318,71,320,34,2650
87,299,69,310,34,2650
87,330,69,324,34,2650
87,321,63,314,34,2700
90,320,69,322,34,2700
89,305,65,320,34,2700
87,299,69,309,34,2700
89,327,68,310,34,2700
88,317,69,331,34,2700
87,310,62,300,34,2700
84,313,65,310,34,2700
88,315,69,320,34,2750
82,315,69,320,34,2800
91,317,69,305,34,2800
91,309,69,314,34,2800
90,317,69,317,34,2800
92,323,68,321,34,2800
90,324,68,325,34,2800
90,335,68,320,34,2800
91,309,65,310,34,2800
90,303,68,326,34,2850
88,323,72,317,34,2850
90,313,68,317,34,2900
80,300,64,310,35,1900
79,310,63,310,35,2000
81,310,65,296,35,2100
82,308,67,332,35,2200
82,308,67,332,35,2200
82,300,63,297,35,2200
80,300,60,300,35,2250
83,300,62,303,35,2300
80,300,65,291,35,2300
83,302,62,300,35,2300
83,295,62,300,35,2300
83,295,64,308,35,2350
82,300,62,298,35,2350
84,310,62,305,35,2400
84,300,62,305,35,2400
84,299,62,310,35,2400
83,295,64,308,35,2400
84,305,64,325,35,2450
83,301,65,304,35,2450
85,304,64,314,35,2500
85,305,65,306,35,2500
85,293,63,313,35,2500
85,293,63,313,35,2550
86,301,62,310,35,2600
86,301,62,320,35,2600
86,322,66,306,35,2600
86,307,69,320,35,2600
86,308,64,309,35,2600
86,306,71,330,35,2600
87,310,63,315,35,2600
86,312,67,324,35,2600
86,316,65,310,35,2600
86,303,66,300,35,2600
86,320,66,300,35,2600
86,320,69,317,35,2600
88,305,68,287,35,2650
86,300,69,317,35,2650
87,320,71,312,35,2700
87,301,68,332,35,2700
88,305,68,324,35,2700
87,309,58,298,35,2700
87,320,66,308,35,2700
87,314,66,310,35,2700
88,307,65,310,35,2750
88,320,66,323,35,2750
78,325,63,305,35,2800
88,327,68,330,35,2800
88,304,71,320,35,2800
88,318,67,320,35,2800
88,299,66,323,35,2800
88,319,65,300,35,2850
89,307,66,316,35,2850
89,315,64,305,35,2900
89,305,69,312,35,2900
89,325,63,303,35,2900
89,308,67,306,35,2900
88,307,65,322,35,2900
88,312,62,271,35,2900
89,310,67,307,35,2900
89,307,66,316,35,2900
89,314,71,338,35,2900
93,316,71,309,35,3000
94,322,69,320,35,3000
90,314,70,307,35,3000
90,307,70,335,35,3000
91,316,70,339,35,3000
90,317,71,339,35,3000
90,307,70,348,35,3100
91,315,70,348,35,3100
91,315,71,339,35,3100
92,323,71,334,35,3100
96,320,71,322,35,3200
88,310,68,289,36,2300
89,320,63,285,36,2300
88,310,63,285,36,2300
89,329,62,298,36,2300
88,320,64,312,36,2400
86,301,67,319,36,2400
86,329,64,299,36,2400
90,329,63,331,36,2400
91,307,68,299,36,2400
91,309,62,343,36,2400
88,320,68,314,36,2400
84,304,68,336,36,2400
85,296,67,320,36,2500
85,307,68,294,36,2500
85,300,66,318,36,2500
85,312,62,309,36,2500
87,329,67,303,36,2500
91,307,68,299,36,2500
88,306,72,340,36,2500
94,333,69,327,36,2500
88,311,65,330,36,2500
89,307,68,320,36,2500
85,301,69,305,36,2500
85,310,64,308,36,2550
86,310,65,300,36,2600
86,299,66,302,36,2600
86,313,66,331,36,2600
86,304,69,330,36,2600
86,312,68,313,36,2600
86,320,65,320,36,2600
90,310,68,312,36,2600
87,301,66,325,36,2600
87,307,65,320,36,2600
87,305,66,326,36,2650
87,305,66,328,36,2700
87,320,65,326,36,2700
87,300,66,335,36,2700
87,294,67,323,36,2700
87,312,68,316,36,2700
85,317,63,322,36,2700
86,310,70,319,36,2700
88,303,70,290,36,2700
85,320,68,322,36,2700
90,316,72,330,36,2700
87,313,62,326,36,2750
87,312,68,316,36,2750
87,302,68,335,36,2800
91,305,63,308,36,2800
88,311,65,310,36,2800
88,305,68,314,36,2800
88,312,69,319,36,2800
89,310,67,318,36,2800
90,317,69,312,36,2800
90,320,65,306,36,2800
91,309,72,329,36,2800
92,339,72,350,36,2800
89,309,68,316,36,2800
88,330,65,319,36,2800
88,318,68,336,36,2800
89,314,69,305,36,2800
91,305,63,308,36,2850
88,306,67,308,36,2850
89,330,65,310,36,2900
89,325,63,304,36,2900
89,315,65,360,36,2900
90,300,61,310,36,2950
89,315,65,372,36,2950
91,335,74,359,36,3000
92,314,70,329,36,3000
90,310,70,323,36,3000
92,323,70,340,36,3000
89,312,65,327,36,3000
88,323,65,333,36,3000
88,317,67,330,36,3000
89,330,60,290,36,3000
91,311,66,293,36,3000
89,322,72,342,36,3000
90,321,73,373,36,3000
91,309,62,343,36,3000
88,304,64,297,36,3000
89,330,69,314,36,3000
89,310,68,333,36,3000
88,290,62,310,36,3000
88,314,69,305,36,3000
90,314,67,311,36,3000
91,312,71,328,36,3000
90,317,65,329,36,3100
92,329,66,356,36,3100
87,310,67,339,36,3100
88,329,66,335,36,3100
88,323,70,336,36,3100
89,330,60,300,36,3100
88,312,63,296,36,3100
89,300,69,299,36,3100
90,330,72,354,36,3100
90,313,64,311,36,3100
88,300,72,323,36,3100
89,309,67,327,36,3100
89,318,68,336,36,3100
89,316,65,293,36,3100
92,332,67,309,36,3200
90,326,69,318,36,3200
95,329,71,321,36,3200
84,340,67,304,37,2400
84,315,68,306,37,2400
83,300,63,310,37,2500
79,315,65,328,37,2500
87,322,67,309,37,2600
92,307,71,340,37,2600
90,315,64,333,37,2700
92,315,68,300,37,2700
86,307,67,319,37,2700
90,301,73,306,37,2700
86,316,67,319,37,2700
91,300,70,330,37,2700
86,301,66,319,37,2700
84,340,67,304,37,2800
89,309,67,327,37,2800
89,312,67,315,37,2800
87,300,68,321,37,2800
86,307,67,325,37,2800
90,309,65,312,37,2800
90,315,66,312,37,2800
92,300,66,345,37,2800
90,310,65,333,37,2900
89,301,72,339,37,2900
89,338,70,345,37,2900
89,300,71,321,37,2900
88,316,70,313,37,2900
86,300,73,331,37,2900
87,316,67,345,37,3000
88,300,64,330,37,3000
88,315,66,330,37,3000
90,300,65,323,37,3000
88,315,71,330,37,3000
93,307,69,314,37,3000
91,316,68,321,37,3000
90,300,69,324,37,3000
93,309,72,314,37,3000
90,309,69,324,37,3000
93,301,71,314,37,3000
90,316,68,324,37,3000
90,317,71,315,37,3100
84,340,67,304,37,3100
83,312,62,300,37,3100
93,322,71,320,37,3100
91,300,69,326,37,3100
87,307,68,339,37,3100
94,309,71,316,37,3100
88,316,70,336,37,3100
89,315,70,333,37,3100
87,319,65,339,37,3100
87,339,71,339,37,3100
91,340,67,326,37,3100
91,340,68,326,37,3100
88,312,70,336,37,3100
91,315,70,346,37,3100
85,300,70,346,37,3100
87,316,68,339,37,3100
88,316,69,336,37,3100
85,316,69,346,37,3100
91,309,67,326,37,3100
90,315,69,329,37,3100
90,307,73,329,37,3100
90,316,68,336,37,3100
90,300,68,329,37,3100
90,307,68,329,37,3100
86,340,66,303,37,3200
94,338,67,344,37,3200
91,322,70,353,37,3200
92,339,65,363,37,3200
84,300,72,312,37,3200
93,316,66,330,37,3200
93,316,66,330,37,3200
92,316,66,333,37,3200
89,319,68,338,37,3200
89,335,70,338,37,3200
90,335,70,335,37,3200
91,330,70,331,37,3200
90,300,66,334,37,3200
90,316,69,335,37,3200
91,300,69,334,37,3200
90,338,68,316,37,3200
89,340,67,337,37,3200
83,315,70,357,37,3200
93,309,66,324,37,3200
93,316,69,325,37,3200
91,301,73,331,37,3200
92,315,72,328,37,3200
87,315,74,344,37,3200
87,319,67,327,37,3300
93,315,72,340,37,3300
89,339,72,343,37,3300
93,316,69,330,37,3300
94,316,64,326,37,3300
91,315,71,337,37,3300
89,307,71,326,37,3400
92,307,66,338,37,3400
92,301,67,338,37,3400
91,316,65,341,37,3400
94,316,73,337,37,3500
96,316,68,330,37,3500
93,315,67,349,37,3700
84,320,66,312,38,2500
87,326,67,303,38,2500
88,320,66,306,38,2600
89,320,69,303,38,2600
90,340,65,310,38,2600
87,320,67,309,38,2600
88,322,68,318,38,2800
91,348,71,309,38,2800
88,324,66,318,38,2800
89,326,68,321,38,2900
89,356,70,321,38,2900
91,346,67,320,38,3000
91,344,68,321,38,3000
88,320,66,330,38,3000
86,312,66,336,38,3000
86,314,68,337,38,3000
84,320,70,343,38,3000
91,350,69,321,38,3000
88,324,70,330,38,3000
88,326,69,330,38,3000
87,310,68,333,38,3000
91,322,69,321,38,3000
94,330,70,311,38,3000
86,300,68,337,38,3000
89,314,68,333,38,3100
91,320,68,326,38,3100
93,355,70,325,38,3200
91,336,71,331,38,3200
94,340,74,322,38,3200
85,320,69,350,38,3200
94,340,68,322,38,3200
93,300,68,325,38,3200
86,326,68,347,38,3200
91,330,71,337,38,3300
87,310,68,349,38,3300
87,328,67,349,38,3300
94,350,72,332,38,3400
87,340,73,354,38,3400
91,348,71,346,38,3500
91,344,72,346,38,3500
92,342,70,343,38,3500
91,320,72,346,38,3500
86,316,71,367,38,3600
91,340,70,351,38,3600
92,330,68,347,38,3600
92,360,70,352,38,3700
92,350,72,351,38,3700
92,356,70,352,38,3700
93,352,70,349,38,3700
94,320,68,350,38,3800
90,320,68,363,38,3800
94,316,69,355,38,3900
91,346,69,369,38,4000
91,342,72,373,38,4100
84,326,71,375,38,4100
100,370,72,375,38,4400
80,320,70,311,39,2300
88,320,68,340,39,2400
86,320,68,306,39,2500
82,300,67,319,39,2500
94,360,68,310,39,2700
90,340,66,306,39,2700
86,350,69,319,39,2700
86,320,69,319,39,2700
88,320,70,319,39,2800
81,320,70,341,39,2800
87,324,71,322,39,2800
90,324,68,318,39,2900
83,324,73,341,39,2900
87,320,69,327,39,2900
85,320,71,334,39,2900
84,330,70,343,39,3000
83,330,71,346,39,3000
89,330,69,327,39,3000
91,320,67,326,39,3100
91,320,67,326,39,3100
90,320,68,329,39,3100
88,320,68,335,39,3100
92,330,69,323,39,3100
90,320,68,329,39,3100
90,300,67,329,39,3100
89,300,67,332,39,3100
89,350,67,332,39,3100
90,320,70,329,39,3100
85,360,70,346,39,3100
94,360,72,322,39,3200
89,312,69,338,39,3200
89,320,69,338,39,3200
90,360,70,334,39,3200
88,365,71,341,39,3200
93,320,73,325,39,3200
91,320,70,331,39,3200
92,356,69,328,39,3200
90,365,66,334,39,3200
90,320,69,335,39,3200
88,350,69,341,39,3200
93,330,74,318,39,3200
91,330,66,336,39,3300
91,330,69,337,39,3300
91,300,68,337,39,3300
93,350,68,330,39,3300
90,324,68,339,39,3300
90,330,71,340,39,3300
89,350,74,343,39,3300
92,330,70,333,39,3300
92,350,69,333,39,3300
85,365,71,356,39,3300
95,330,68,324,39,3300
86,300,71,353,39,3300
89,350,68,343,39,3300
90,330,71,340,39,3300
93,320,68,336,39,3400
93,320,70,335,39,3400
94,350,70,332,39,3400
92,300,71,338,39,3400
91,350,74,342,39,3400
90,360,69,345,39,3400
89,360,72,348,39,3400
91,365,71,342,39,3400
92,350,72,315,39,3400
90,324,68,345,39,3400
89,320,71,348,39,3400
91,320,70,346,39,3500
90,365,67,349,39,3500
90,330,74,350,39,3500
93,300,68,339,39,3500
93,320,70,340,39,3500
93,320,70,340,39,3500
90,360,71,350,39,3500
96,324,71,330,39,3500
82,360,70,375,39,3500
91,300,72,346,39,3500
87,320,70,359,39,3500
95,365,70,338,39,3600
86,330,72,367,39,3600
86,324,70,367,39,3600
95,330,67,338,39,3600
91,324,68,351,39,3600
96,365,68,335,39,3600
95,320,72,338,39,3600
92,330,68,350,39,3650
95,300,73,343,39,3700
91,324,72,356,39,3700
90,320,73,359,39,3700
91,320,74,356,39,3700
95,320,75,347,39,3800
91,320,73,360,39,3800
94,365,74,355,39,3900
94,330,76,359,39,4000
95,330,72,356,39,4000
99,330,73,375,39,4100
91,330,73,373,39,4100
97,365,75,375,39,4200
82,330,68,350,40,2600
84,330,65,350,40,2700
89,365,64,350,40,2700
80,300,73,345,40,2800
84,330,70,346,40,2800
88,330,70,356,40,3000
86,330,70,350,40,3000
90,365,68,340,40,3200
85,365,69,340,40,3100
86,330,70,337,40,3000
90,330,69,340,40,3000
90,330,70,330,40,3000
90,300,68,323,40,3000
92,330,70,345,40,3000
86,310,69,336,40,3000
92,330,71,332,40,3000
90,324,70,340,40,3000
90,360,69,350,40,3100
90,365,69,346,40,3100
90,330,68,336,40,3100
90,330,71,329,40,3100
87,365,71,344,40,3200
90,365,72,334,40,3200
91,330,71,331,40,3200
87,300,73,344,40,3200
89,330,72,337,40,3200
92,324,73,350,40,3200
85,330,74,351,40,3200
90,324,72,335,40,3200
89,350,71,338,40,3200
93,350,71,340,40,3200
90,365,70,334,40,3200
91,300,74,337,40,3300
85,360,73,355,40,3300
89,330,74,343,40,3300
92,350,72,333,40,3300
92,330,74,333,40,3300
90,360,72,339,40,3300
92,330,74,333,40,3300
92,300,75,338,40,3400
86,330,73,358,40,3400
93,360,72,335,40,3400
95,365,74,340,40,3400
93,350,73,335,40,3400
91,300,76,341,40,3400
87,310,74,354,40,3400
89,300,75,348,40,3400
95,330,71,356,40,3500
92,330,74,343,40,3500
88,300,72,356,40,3500
90,330,68,350,40,3500
92,324,71,343,40,3500
90,360,71,350,40,3500
95,365,74,333,40,3500
93,324,74,340,40,3500
92,365,73,360,40,3500
88,330,74,356,40,3500
92,365,74,355,40,3600
88,300,73,361,40,3600
92,330,72,348,40,3600
93,360,73,349,40,3700
95,300,72,360,40,3700
91,300,73,357,40,3700
91,350,73,360,40,3800
93,324,73,354,40,3800
94,330,72,350,40,3800
93,330,70,358,40,3900
94,365,73,355,40,3900
95,324,72,356,40,4000
96,330,73,360,40,4100
88,330,74,365,40,4300
80,300,72,367,40,4300
97,350,74,369,40,4500
93,350,76,360,40,4400
96,300,76,370,40,4800
90,330,69,350,41,3100
90,365,70,330,41,3200
86,350,70,336,41,3400
86,330,70,337,41,3100
86,330,71,337,41,3000
91,330,71,326,41,3100
87,365,70,339,41,3100
93,330,72,320,41,3100
83,324,71,362,41,3300
90,330,71,345,41,3400
88,350,68,351,41,3400
91,324,72,342,41,3400
95,324,72,333,41,3500
96,330,70,330,41,3500
93,365,75,340,41,3500
92,365,72,343,41,3500
93,330,71,340,41,3500
90,330,70,320,41,3500
90,365,72,350,41,3500
90,324,72,350,41,3500
90,330,69,334,41,3500
95,300,70,333,41,3500
88,350,69,361,41,3600
94,330,77,346,41,3700
97,350,69,336,41,3700
90,365,74,359,41,3700
86,330,74,372,41,3700
90,324,72,359,41,3700
90,350,73,359,41,3700
99,365,72,334,41,3800
96,350,70,344,41,3800
88,330,72,350,41,3800
95,350,70,347,41,3800
94,300,71,350,41,3800
95,330,70,347,41,3800
88,330,71,374,41,3900
96,365,71,348,41,3900
97,365,71,345,41,3900
97,365,71,349,41,4000
91,300,71,369,41,4000
92,330,72,365,41,4000
95,365,75,356,41,4000
91,330,73,369,41,4000
94,324,72,359,41,4000
92,350,74,365,41,4000
95,365,73,356,41,4000
92,300,72,365,41,4000
96,300,74,365,41,4200
97,324,71,375,41,4400
96,330,71,370,41,4400
94,330,74,374,41,4450
96,330,74,376,41,4600
90,350,68,309,42,3200
89,300,69,325,42,3100
92,350,73,300,42,3200
94,330,69,350,42,3400
90,330,68,328,42,3200
91,330,69,309,42,3100
90,330,68,331,42,3200
90,320,71,332,42,3100
90,365,67,324,42,3100
91,330,70,325,42,3200
90,330,70,334,42,3100
91,324,67,331,42,3200
90,310,69,327,42,3000
90,330,71,330,42,3100
91,300,70,327,42,3100
90,324,68,324,42,3050
90,330,70,324,42,3050
90,365,70,324,42,3100
95,300,70,305,42,3300
91,350,72,336,42,3300
90,350,72,345,42,3400
95,324,74,346,42,3700
91,324,73,356,42,3700
93,330,72,354,42,3800
90,365,72,363,42,3800
91,365,73,364,42,3900
93,330,74,370,42,4200
95,365,71,375,42,4300
