userid~integer~0~true~false,age~integer~1~false~false,gender~nominal~2~false~false,occupation~nominal~3~false~false,zipcode~string~4~false~false
1,24,0,19,85711
2,53,1,13,94043
3,23,0,20,32067
4,24,0,19,43537
5,33,1,13,15213
6,42,0,6,98101
7,57,0,0,91344
8,36,0,0,05201
9,29,0,18,01002
10,53,0,9,90703
11,39,1,13,30329
12,28,1,13,06405
13,47,0,3,29206
14,45,0,17,55106
15,49,1,3,97301
17,30,0,14,06355
16,21,0,5,10309
19,40,0,10,02138
18,35,1,13,37212
21,26,0,20,30068
20,42,1,8,95660
23,30,1,1,48197
22,25,0,20,40206
25,39,0,4,55107
24,21,1,1,94533
27,40,1,10,30030
26,49,0,4,21044
29,41,0,14,94043
28,32,0,20,55369
31,24,0,1,10003
30,7,0,18,55436
34,38,1,0,42141
35,20,1,8,42459
32,28,1,18,78741
33,23,0,18,27510
38,28,1,13,54467
39,41,0,5,01040
36,19,1,18,93117
37,23,0,18,55105
42,30,0,0,17870
43,29,1,10,20854
40,38,0,17,27514
41,33,0,4,80525
46,27,1,11,46538
47,53,0,11,07102
44,26,0,19,46260
45,29,0,14,50233
51,28,0,3,16509
50,21,0,20,52245
49,23,1,18,76111
48,45,0,0,12550
55,37,0,14,01331
54,22,0,6,66315
53,26,0,14,55414
52,18,1,18,55105
59,49,0,3,08403
58,27,0,14,52246
57,16,0,12,84010
56,25,0,10,46260
63,31,0,11,75240
62,27,1,0,97214
61,36,0,4,30040
60,50,0,7,06472
68,19,0,18,22904
69,24,0,4,55337
70,27,0,4,60067
71,39,0,17,98034
64,32,0,3,43202
65,51,1,3,48118
66,23,0,18,80521
67,17,0,18,60402
76,20,0,18,02215
77,30,0,19,29379
78,26,0,0,61801
79,39,1,0,03755
72,48,1,0,73034
73,24,0,18,41850
74,39,0,17,T8H1N
75,24,0,5,08816
85,51,0,3,20003
84,32,0,6,55369
87,47,0,0,89503
86,26,0,0,46005
81,21,0,18,21218
80,34,1,0,52241
83,40,0,13,44133
82,50,0,14,22902
93,48,0,6,23112
92,32,0,5,80525
95,31,0,0,10707
94,26,0,18,71457
89,43,1,0,68106
88,49,1,10,11701
91,55,0,11,01913
90,60,0,3,78155
102,38,0,14,30220
103,26,0,18,55108
100,36,0,6,90254
101,15,0,18,05146
98,49,1,6,90291
99,20,0,18,63129
96,25,1,1,75206
97,43,0,1,98006
110,19,0,18,77840
111,57,0,4,90630
108,44,0,3,63130
109,29,0,13,55423
106,61,0,15,55125
107,39,0,17,60466
104,27,0,18,55108
105,24,0,4,94043
119,32,0,14,67401
118,21,0,0,90210
117,20,0,18,16125
116,40,0,7,97232
115,31,0,4,17110
114,27,0,14,75013
113,47,0,6,95032
112,30,0,16,60613
127,33,0,12,73439
126,28,1,9,20015
125,30,0,9,22202
124,34,0,18,60615
123,48,1,1,20008
122,32,1,20,22206
121,54,0,10,99603
120,47,1,13,06260
137,50,0,3,84408
136,51,0,13,97365
139,20,0,18,08904
138,46,0,2,53211
141,49,0,14,36117
140,30,1,18,32250
143,42,0,19,08832
142,13,0,13,48118
129,36,1,11,07039
128,24,1,11,20009
131,59,1,0,15237
130,20,0,12,60115
133,53,0,4,78602
132,24,0,13,94612
135,23,0,18,38401
134,31,0,14,80236
152,33,1,3,68767
153,25,0,18,60641
154,25,0,18,53703
155,32,1,13,11217
156,25,0,3,08360
157,57,0,4,70808
158,50,0,3,27606
159,23,1,18,55346
144,53,0,14,20910
145,31,0,5,V3N4P
146,45,0,1,83814
147,40,1,10,02143
148,33,0,4,97006
149,35,1,11,17325
150,20,1,1,02139
151,38,1,0,48103
171,48,1,3,78750
170,53,1,7,30067
169,52,1,13,53705
168,48,0,13,80127
175,26,1,17,21911
174,30,1,0,52302
173,56,0,13,22306
172,55,0,11,22207
163,49,0,0,97212
162,25,0,1,15610
161,50,0,9,55104
160,27,0,14,66215
167,37,0,13,L9G2B
166,47,0,3,55113
165,20,1,13,53715
164,47,0,7,80123
186,39,1,6,00000
187,26,0,3,16801
184,37,0,10,76013
185,53,1,10,97403
190,30,0,0,95938
191,33,0,0,95161
188,42,0,18,29440
189,32,0,1,95014
178,26,0,13,49512
179,15,0,5,20755
176,28,0,17,07030
177,20,0,14,19104
182,36,0,14,33884
183,33,0,17,27708
180,22,1,0,60202
181,26,0,6,21218
205,47,0,9,06371
204,52,1,10,10960
207,39,0,11,92037
206,14,1,18,53115
201,27,0,20,E2A4H
200,40,0,14,93402
203,25,1,18,32301
202,41,1,3,60201
197,55,0,19,75094
196,49,0,20,55105
199,30,0,20,17604
198,21,1,18,55414
193,29,0,18,49931
192,42,0,3,90840
195,42,0,17,93555
194,38,0,0,02154
220,30,0,10,78205
221,19,0,18,20685
222,29,0,14,27502
223,19,1,18,47906
216,22,0,4,02215
217,22,0,13,11727
218,37,0,0,06513
219,32,0,14,43212
212,49,1,3,61401
213,33,0,6,55345
214,26,1,10,11231
215,35,0,14,63033
208,43,0,4,01720
209,33,1,3,85710
210,39,0,4,03060
211,66,0,16,32605
239,39,0,1,95628
238,42,1,0,44124
237,49,0,0,63146
236,44,1,20,53214
235,37,0,3,22973
234,60,0,15,94702
233,38,0,4,98682
232,45,0,17,99709
231,48,0,10,01080
230,28,1,18,14476
229,29,1,10,22903
228,21,1,18,22003
227,46,0,6,60659
226,28,0,18,92103
225,51,1,0,58202
224,31,1,3,43512
254,44,0,3,42647
255,23,0,5,07029
252,42,0,4,07733
253,26,1,10,22903
250,29,0,6,95110
251,28,0,2,85032
248,25,0,18,37235
249,25,0,18,84103
246,19,0,18,28734
247,28,0,4,20770
244,28,0,19,80525
245,22,0,18,55109
242,33,0,3,31404
243,33,0,3,60201
240,23,1,3,20784
241,26,1,18,20001
275,38,0,4,92064
274,20,1,18,55414
273,50,1,13,10016
272,33,0,17,53706
279,33,0,14,85251
278,37,1,10,30033
277,35,1,0,55406
276,21,0,18,95064
283,28,0,14,55305
282,22,0,0,20057
281,15,1,18,06059
280,30,1,10,22903
287,21,0,16,31211
286,27,0,18,15217
285,25,0,14,53713
284,40,0,6,92629
258,19,1,18,77801
259,21,0,18,48823
256,35,1,12,39042
257,17,0,18,77005
262,19,1,18,78264
263,41,0,14,55346
260,40,1,1,89801
261,28,0,0,85202
266,62,1,0,78756
267,23,0,4,83716
264,36,1,20,90064
265,26,0,6,84601
270,18,1,18,63119
271,51,0,4,22932
268,24,0,4,19422
269,31,1,10,43201
305,23,0,14,94086
304,22,1,18,71701
307,25,0,18,55454
306,45,0,13,73132
309,40,0,17,70802
308,60,0,15,95076
311,32,0,19,73071
310,37,0,3,91711
313,41,0,11,60035
312,48,0,13,02110
315,31,0,3,18301
314,20,1,18,08043
317,22,0,0,13210
316,43,1,13,77009
319,38,0,14,22030
318,65,0,15,06518
288,34,0,11,23226
289,11,0,12,94619
290,40,0,4,93550
291,19,0,18,44106
292,35,1,14,94703
293,24,0,20,60804
294,34,0,19,92110
295,31,0,3,50325
296,43,1,0,16803
297,29,1,3,98103
298,44,0,6,01581
299,29,0,2,63108
300,26,1,14,55106
301,24,0,18,55439
302,42,0,3,77904
303,19,0,18,14853
343,43,0,4,30093
342,25,1,13,98006
341,17,1,18,44405
340,46,0,4,80123
339,35,0,9,37901
338,39,1,10,59717
337,37,0,17,10522
336,23,0,16,42101
351,61,0,3,49938
350,32,0,18,97301
349,68,0,15,61455
348,24,1,18,45660
347,18,0,18,90210
346,34,0,13,76059
345,28,1,10,94143
344,30,1,10,94117
326,41,0,0,15235
327,22,0,18,11101
324,21,1,18,02176
325,48,0,19,02139
322,20,0,18,50613
323,21,0,18,19149
320,19,0,18,24060
321,49,1,3,55413
334,32,0,10,30002
335,45,0,6,33775
332,20,0,18,40504
333,47,0,13,V0R2M
330,35,1,3,33884
331,33,0,5,91344
328,51,0,0,06779
329,48,0,3,01720
373,24,1,13,55116
372,25,1,18,66046
375,17,0,5,37777
374,36,0,6,78746
369,24,0,18,91335
368,18,0,18,92113
371,36,0,4,99206
370,52,0,20,08534
381,33,0,1,94608
380,32,0,4,55117
383,42,0,0,75204
382,45,0,4,01824
377,22,0,18,18015
376,28,1,13,10010
379,44,0,14,98117
378,35,0,18,02859
356,32,1,8,92688
357,26,0,6,98133
358,40,0,3,10022
359,22,0,18,61801
352,37,1,14,55105
353,25,0,17,28480
354,29,1,10,48197
355,25,0,18,60135
364,63,0,4,01810
365,29,0,9,20009
366,20,1,18,50670
367,17,0,18,37411
360,51,0,13,98027
361,22,0,18,44074
362,35,1,8,85233
363,20,0,18,87501
410,30,1,1,94025
411,34,0,3,44691
408,23,0,18,61755
409,48,0,0,98225
414,24,0,14,38115
415,39,0,3,85711
412,25,0,3,15222
413,55,0,3,78212
402,30,0,4,95129
403,37,0,13,06811
400,33,1,0,78213
401,46,1,7,84107
406,52,0,3,93109
407,29,0,4,03261
404,29,1,14,55108
405,22,1,7,10019
395,43,0,13,44092
394,25,0,0,96819
393,19,0,18,83686
392,52,0,20,59801
399,25,0,13,92374
398,40,0,13,60008
397,17,0,18,27514
396,57,0,4,94551
387,33,0,5,37412
386,36,0,16,43221
385,36,0,20,10003
384,52,0,14,45218
391,23,0,18,84604
390,42,1,20,85016
389,44,1,20,83702
388,31,0,13,36106
440,30,0,13,48076
441,50,0,19,55013
442,22,0,18,85282
443,35,0,16,33308
444,51,1,9,53202
445,21,0,20,92653
446,57,0,3,60201
447,30,0,0,55113
432,22,0,5,50311
433,27,0,1,11211
434,16,1,18,49705
435,24,0,4,60007
436,30,1,0,17345
437,27,1,13,20009
438,51,1,0,43204
439,23,1,0,20817
425,19,0,18,58644
424,36,1,11,55422
427,51,0,2,85258
426,55,0,3,01602
429,27,0,18,29205
428,28,0,18,55414
431,24,0,11,92629
430,38,0,17,98199
417,27,1,13,48103
416,20,1,18,92626
419,37,0,9,43215
418,55,1,12,21206
421,38,1,14,55105
420,53,0,3,02140
423,64,0,13,91606
422,26,0,5,94533
478,29,0,13,10019
479,30,0,3,55409
476,28,0,18,60440
477,23,1,18,02125
474,51,0,6,93711
475,30,0,14,75230
472,24,0,18,87544
473,29,0,18,94708
470,24,0,14,10021
471,10,0,18,77459
468,28,0,4,02341
469,60,0,3,78628
466,22,0,18,90804
467,29,0,4,91201
464,60,0,20,94583
465,32,0,13,05001
463,48,1,7,75218
462,19,1,18,02918
461,15,0,18,98102
460,44,1,13,60630
459,22,0,18,29201
458,47,0,19,Y1A6B
457,33,1,16,30011
456,24,0,19,31820
455,48,0,0,83709
454,57,0,13,97330
453,18,0,18,06333
452,35,0,0,28018
451,16,0,18,48446
450,35,1,3,11758
449,23,0,10,55021
448,23,0,5,10021
508,27,0,11,19382
509,23,0,0,10011
510,34,0,13,98038
511,22,0,18,21250
504,40,1,20,92115
505,27,1,13,20657
506,46,0,14,03869
507,18,1,20,28450
500,28,0,0,94305
501,22,0,18,10025
502,22,0,18,23092
503,50,1,20,27514
496,21,1,18,55414
497,20,0,18,50112
498,26,0,20,55408
499,42,0,14,75006
493,22,0,4,60090
492,57,0,3,94618
495,29,0,4,03052
494,38,1,0,49428
489,55,0,13,45218
488,48,0,19,21012
491,43,1,20,53711
490,29,1,1,V5A2B
485,44,1,3,95821
484,27,0,18,21208
487,22,0,4,92121
486,39,0,3,93101
481,73,0,15,37771
480,57,0,15,98257
483,29,0,17,43212
482,18,1,18,40256
550,16,1,18,95453
551,25,0,14,55414
548,51,0,20,95468
549,42,0,17,45680
546,36,0,6,22911
547,50,0,3,14534
544,44,1,13,29464
545,27,0,19,08052
558,56,1,20,63132
559,69,0,6,10022
556,35,1,3,30606
557,30,1,20,11217
554,32,0,17,62901
555,29,1,3,23227
552,45,0,13,68147
553,58,0,3,62901
567,24,0,5,10003
566,20,0,18,14627
565,40,0,18,55422
564,65,0,15,94591
563,39,1,10,32707
562,54,1,0,20879
561,23,0,4,60005
560,32,0,18,10003
575,33,0,11,46032
574,56,0,3,53188
573,68,0,15,48911
572,51,0,3,20003
571,34,0,1,01945
570,26,0,3,14627
569,34,0,3,91903
568,39,0,3,01915
516,53,1,10,10021
517,24,0,18,55454
518,49,1,20,99709
519,22,0,13,55320
512,29,0,13,20090
513,43,0,0,26241
514,27,0,14,20707
515,53,0,11,49508
524,56,0,3,02159
525,27,1,0,19711
526,30,0,11,97124
527,33,0,10,12180
520,62,0,7,12603
521,19,0,18,02146
522,36,0,4,55443
523,50,1,0,04102
533,43,0,10,02324
532,20,0,18,92705
535,45,1,3,80302
534,20,0,18,05464
529,47,1,0,44224
528,18,0,18,55104
531,30,1,16,97408
530,29,0,4,94040
541,19,1,18,84302
540,28,0,4,91201
543,33,0,17,95123
542,21,0,18,60515
537,36,0,4,22902
536,38,0,4,30078
539,53,1,0,80303
538,31,0,17,21010
610,22,0,18,21227
611,46,0,10,77008
608,22,0,13,10003
609,13,1,18,55106
614,54,0,3,80227
615,38,0,3,27705
612,36,0,3,79070
613,37,1,11,29678
618,15,1,18,44212
619,17,0,18,44134
616,55,0,17,50613
617,27,1,20,11201
622,25,0,14,14850
623,50,1,3,60187
620,18,1,20,81648
621,17,0,18,60402
627,24,0,4,08034
626,23,0,17,19807
625,27,0,14,20723
624,19,0,18,30067
631,18,1,18,38866
630,26,1,7,55408
629,46,1,13,44224
628,13,0,12,94306
635,22,0,13,23237
634,39,0,4,T8H1N
633,35,0,14,55414
632,18,0,18,55454
639,42,1,10,12065
638,45,0,4,01940
637,30,0,13,74101
636,47,0,3,48043
576,48,0,6,98281
577,36,1,18,77845
578,31,0,0,M7A1A
579,32,0,3,48103
580,16,0,18,17961
581,37,0,13,94131
582,17,0,18,93003
583,44,0,4,29631
584,25,0,18,27511
585,69,0,10,98501
586,20,0,18,79508
587,26,0,13,14216
588,18,1,18,93063
589,21,0,9,90034
590,50,0,3,82435
591,57,1,10,92093
593,31,1,3,68767
592,18,0,18,97520
595,25,0,14,31909
594,46,0,3,M4J2K
597,23,0,13,84116
596,20,0,1,77073
599,22,1,18,R3T5K
598,40,1,11,43085
601,19,1,1,99687
600,34,0,14,02320
603,21,0,14,47905
602,47,1,13,34656
605,33,0,4,33716
604,39,0,3,11787
607,49,1,7,02154
606,28,0,14,63044
687,31,1,7,27713
686,32,0,3,26506
685,32,1,10,55409
684,28,0,18,55414
683,42,0,10,23509
682,23,0,14,55128
681,44,1,11,97208
680,33,0,9,90405
679,20,1,18,54302
678,50,0,3,61462
677,20,0,13,99835
676,30,0,14,32712
675,34,0,13,28814
674,13,1,18,55337
673,51,0,3,22906
672,54,1,0,90095
702,37,0,13,89104
703,26,0,3,49512
700,17,0,18,76309
701,51,1,10,56321
698,28,1,14,06906
699,44,0,13,96754
696,55,0,13,94920
697,25,0,13,77042
694,60,0,14,06365
695,26,0,20,38115
692,34,0,4,18053
693,43,1,7,85210
690,35,0,16,63304
691,34,0,3,60089
688,37,1,0,60476
689,25,0,13,45439
653,31,0,6,55105
652,35,0,13,22911
655,50,1,7,60657
654,27,1,18,78739
649,20,0,18,39762
648,43,0,4,91351
651,65,0,15,02903
650,42,0,4,83814
645,27,0,14,53211
644,51,0,15,63645
647,40,0,3,45810
646,17,1,18,51250
641,24,0,18,60626
640,20,0,18,61801
643,39,0,17,55122
642,18,1,18,95521
668,29,1,20,10016
669,37,0,13,20009
670,30,0,19,21114
671,21,0,14,91919
664,30,0,4,94115
665,25,0,0,55412
666,44,0,0,61820
667,35,0,10,01970
660,26,0,18,77380
661,28,0,14,98121
662,55,0,10,19102
663,26,0,13,19341
656,48,0,3,10314
657,26,1,12,78704
658,33,0,14,92626
659,31,0,3,54248
747,19,0,13,93612
746,25,0,4,19047
745,42,0,20,55113
744,35,0,11,47024
751,24,1,13,90034
750,28,0,0,32303
749,33,0,13,80919
748,28,0,0,94720
739,35,0,19,73162
738,35,0,19,95403
737,30,0,14,98072
736,48,1,20,94618
743,31,0,14,92660
742,35,0,18,29210
741,25,0,20,63108
740,25,1,3,22206
762,32,0,0,95050
763,27,0,17,02113
760,35,1,13,14211
761,17,0,18,97302
766,42,0,13,10960
767,70,0,4,00000
764,27,1,3,62903
765,31,0,18,33066
754,59,1,10,62901
755,44,1,3,97007
752,60,0,15,21201
753,56,0,16,91206
758,27,0,18,53706
759,20,1,18,68503
756,30,1,12,90247
757,26,0,18,55104
713,42,1,13,07204
712,22,1,18,54901
715,21,0,19,91206
714,26,0,4,55343
717,24,0,19,84105
716,36,1,0,44265
719,37,1,13,V0R2H
718,42,0,19,64118
705,21,1,18,54494
704,51,1,10,91105
707,56,1,10,19146
706,23,0,18,55454
709,21,0,13,N4T1A
708,26,1,8,96349
711,22,1,18,15203
710,19,0,18,92020
728,58,0,6,94306
729,19,0,18,56567
730,31,1,17,32114
731,41,1,3,70403
732,28,1,13,98405
733,44,1,13,60630
734,25,1,13,63108
735,29,1,7,85719
720,49,1,0,16506
721,24,1,5,11238
722,50,1,8,17331
723,26,0,6,94403
724,31,0,6,40243
725,21,0,18,91711
726,25,1,0,80538
727,25,0,18,78741
821,37,0,4,77845
820,22,0,18,37725
823,27,0,1,50322
822,29,1,10,53144
817,19,0,18,60152
816,34,0,13,20755
819,59,0,0,40205
818,28,0,10,27514
829,48,0,20,80209
828,28,0,10,85282
831,21,0,13,33765
830,46,0,14,53066
825,44,0,4,05452
824,31,0,13,15017
827,23,1,4,80228
826,28,0,1,77048
804,39,0,3,61820
805,27,1,13,20009
806,27,0,11,11217
807,41,1,7,93555
800,25,0,14,55337
801,22,0,20,92154
802,35,0,0,34105
803,70,0,0,78212
812,22,0,19,76234
813,14,1,18,02136
814,30,0,13,12345
815,32,0,13,28806
808,45,0,16,90016
809,50,1,11,30803
810,55,1,13,80526
811,40,1,3,73013
791,31,0,3,20064
790,27,0,19,80913
789,29,0,13,55420
788,51,0,0,05779
787,18,1,18,98620
786,36,1,4,01754
785,32,0,4,23322
784,47,0,0,91040
799,49,1,0,19716
798,40,1,20,64131
797,44,1,13,62522
796,32,1,20,33755
795,30,0,14,08610
794,32,0,3,57197
793,22,0,18,85281
792,40,0,14,12205
774,30,0,18,80027
775,46,0,6,90036
772,50,0,20,27105
773,20,0,18,55414
770,28,0,18,14216
771,26,0,18,15232
768,29,0,0,12866
769,39,0,6,06927
782,21,1,1,33205
783,30,0,11,77081
780,49,0,14,94560
781,20,0,18,48825
778,34,0,18,01960
779,31,0,18,K7L5J
776,30,0,10,51157
777,63,0,14,01810
881,39,0,11,43017
880,13,0,18,83702
883,49,0,10,50266
882,35,0,4,40503
885,30,1,13,95316
884,44,0,4,55337
887,14,1,18,27249
886,20,0,18,61820
889,24,0,19,78704
888,41,0,17,17036
891,51,1,0,03062
890,32,0,18,97301
893,25,0,18,95823
892,36,0,13,45243
895,31,1,10,32301
894,47,0,3,74075
864,27,0,14,63021
865,25,0,1,11231
866,45,0,13,60302
867,24,0,17,92507
868,21,0,14,55303
869,30,0,18,10025
870,22,0,18,65203
871,31,0,6,44648
872,19,1,18,74078
873,48,1,0,33763
874,36,0,17,37076
875,24,1,18,35802
876,41,0,13,20902
877,30,0,13,77504
878,50,1,3,98027
879,33,1,0,55337
851,18,0,13,29646
850,34,0,19,78390
849,15,1,18,25652
848,46,0,4,02146
855,53,0,10,04988
854,29,1,18,55408
853,49,0,20,40515
852,46,0,0,94086
859,18,1,13,06492
858,63,0,3,09645
857,35,1,0,V1G4L
856,43,1,11,97215
863,17,0,18,60089
862,25,0,6,13820
861,38,1,18,14085
860,70,1,15,48322
834,26,0,13,64153
835,44,1,6,11577
832,24,0,19,77042
833,34,0,20,90019
838,23,0,18,01375
839,38,1,5,90814
836,44,0,1,10018
837,36,1,1,55409
842,40,0,20,93055
843,35,0,10,44212
840,39,0,1,55406
841,45,0,2,47401
846,27,0,9,47130
847,29,0,18,55417
844,22,0,4,95662
845,64,0,2,97405
941,20,0,18,97229
940,32,0,0,02215
943,22,0,18,77841
942,48,1,10,78209
937,48,0,3,98072
936,24,0,13,32789
939,26,1,18,33319
938,38,1,19,55038
933,28,0,18,48105
932,58,0,3,06437
935,42,0,2,66221
934,61,0,4,22902
929,44,0,17,53711
928,21,0,18,55408
931,60,0,3,33556
930,28,1,17,07310
926,49,0,5,01701
927,23,0,14,55428
924,29,0,13,11753
925,18,1,16,49036
922,29,1,0,21114
923,21,0,18,E2E3R
920,30,1,1,90008
921,20,1,18,98801
918,40,0,17,70116
919,25,0,13,14216
916,27,0,4,N2L5N
917,22,1,18,20006
914,44,1,13,08105
915,50,0,5,60614
912,51,0,13,06512
913,27,0,18,76201
911,37,1,20,53210
910,28,0,7,29301
909,50,1,3,53171
908,44,1,10,68504
907,25,1,13,80526
906,45,0,10,70124
905,27,0,13,30350
904,17,1,18,61073
903,28,0,3,20850
902,45,1,1,97203
901,38,0,6,L1V3W
900,60,0,15,18505
899,32,0,13,55116
898,23,0,8,61755
897,30,0,13,33484
896,28,0,20,91505
